260 455 0 0 0 350
260 407 0 0 1 350
260 355 0 0 2 350
287 448 1 0 0 367
312 442 2 0 0 385
334 434 3 0 0 403
354 429 4 0 0 420
236 448 0 1 0 367
213 442 0 2 0 385
193 435 0 3 0 403
175 429 0 4 0 420
287 402 1 0 1 367
311 397 2 0 1 385
334 392 3 0 1 403
355 387 4 0 1 420
236 402 0 1 1 367
213 396 0 2 1 385
193 392 0 3 1 403
175 388 0 4 1 420
286 352 1 0 2 367
311 349 2 0 2 385
333 346 3 0 2 403
354 345 4 0 2 420
235 353 0 1 2 367
213 351 0 2 2 385
193 349 0 3 2 403
175 348 0 4 2 420
260 350 1 1 2 385
238 347 1 2 2 403
201 343 1 4 2 438
271 336 4 4 2 491
263 345 2 2 2 420
