640 480 31
374 418 0 0 0 350
374 371 0 0 1 350
374 318 0 0 2 350
398 411 1 0 0 367
418 406 2 0 0 385
437 399 3 0 0 403
455 394 4 0 0 420
346 412 0 1 0 367
318 405 0 2 0 385
296 398 0 3 0 403
274 392 0 4 0 420
397 366 1 0 1 367
418 361 2 0 1 385
436 356 3 0 1 403
455 351 4 0 1 420
346 365 0 1 1 367
319 360 0 2 1 385
295 355 0 3 1 403
274 350 0 4 1 420
396 315 1 0 2 367
417 312 2 0 2 385
436 310 3 0 2 403
454 308 4 0 2 420
346 316 0 1 2 367
319 314 0 2 2 385
295 311 0 3 2 403
274 310 0 4 2 420
369 312 1 1 2 385
341 310 1 2 2 403
318 308 1 3 2 420
363 308 2 2 2 420